[ 3112.534616] [Project1] 2019 1590350472.565106851 1590350473.681516149
[ 3114.786598] [Project1] 2021 1590350474.817009543 1590350475.933432895
[ 3117.034572] [Project1] 2023 1590350477.65030841 1590350478.181342559
[ 3119.286901] [Project1] 2025 1590350479.317183677 1590350480.433606913
[ 3121.534695] [Project1] 2027 1590350481.565244301 1590350482.681335578
[ 3123.781634] [Project1] 2029 1590350483.812324305 1590350484.928209907
[ 3126.030832] [Project1] 2031 1590350486.61033253 1590350487.177342703
[ 3128.278565] [Project1] 2033 1590350488.308709737 1590350489.425011225
[ 3130.527283] [Project1] 2035 1590350490.557264780 1590350491.673664523
[ 3132.772813] [Project1] 2037 1590350492.803057400 1590350493.919128846
